n_calls	num_timesteps	mean_validation_reward	loss	throughput	latency	sending_rate	tot_t_used(min)	val_t_used(min)	train_t_used(min)
7200.000	7200.000	-251.242	0.001	0.097	285.720	0.110	12.216	0.065	12.151
14400.000	21600.000	-205.756	0.000	0.076	234.683	0.083	13.901	0.047	1.638
21600.000	36000.000	-190.404	0.000	0.091	223.832	0.097	14.694	0.049	0.744
28800.000	50400.000	21.915	0.001	0.798	245.259	0.829	15.486	0.151	0.641
36000.000	64800.000	87.459	0.002	1.000	252.945	1.047	16.326	0.182	0.657
43200.000	79200.000	148.332	0.002	1.178	256.650	1.239	17.128	0.208	0.594
50400.000	93600.000	176.984	0.002	1.288	265.671	1.340	18.059	0.223	0.707
57600.000	108000.000	167.142	0.002	1.239	258.658	1.286	18.937	0.219	0.660
64800.000	122400.000	182.067	0.001	1.268	253.655	1.310	19.814	0.219	0.657
72000.000	136800.000	195.479	0.002	1.318	256.054	1.360	20.706	0.235	0.658
79200.000	151200.000	195.788	0.001	1.305	250.262	1.346	21.627	0.234	0.686
86400.000	165600.000	193.591	0.001	1.309	253.789	1.348	22.527	0.232	0.669
93600.000	180000.000	192.439	0.001	1.295	251.797	1.333	23.416	0.228	0.661
100800.000	194400.000	203.014	0.002	1.338	256.284	1.383	24.305	0.237	0.652
108000.000	208800.000	207.913	0.002	1.368	260.808	1.417	25.186	0.239	0.642
115200.000	223200.000	208.294	0.001	1.369	261.920	1.418	26.055	0.205	0.664
122400.000	237600.000	208.493	0.002	1.351	254.593	1.397	27.014	0.238	0.721
129600.000	252000.000	213.720	0.001	1.369	255.725	1.412	27.931	0.239	0.677
136800.000	266400.000	213.654	0.001	1.370	255.251	1.416	28.827	0.239	0.657
144000.000	280800.000	219.844	0.001	1.398	258.736	1.443	29.783	0.247	0.709
151200.000	295200.000	216.368	0.001	1.368	252.555	1.409	30.725	0.237	0.706
158400.000	309600.000	208.108	0.001	1.332	247.455	1.371	31.573	0.233	0.615
165600.000	324000.000	214.065	0.001	1.357	250.306	1.399	32.476	0.237	0.665
172800.000	338400.000	213.397	0.001	1.360	253.130	1.403	33.370	0.237	0.658
180000.000	352800.000	212.940	0.001	1.372	256.645	1.415	34.265	0.238	0.657
187200.000	367200.000	208.723	0.001	1.347	252.112	1.389	35.117	0.237	0.615
194400.000	381600.000	210.022	0.001	1.342	251.383	1.382	35.970	0.234	0.619
201600.000	396000.000	214.274	0.001	1.352	251.259	1.392	36.836	0.238	0.628
208800.000	410400.000	210.364	0.001	1.346	251.661	1.387	37.712	0.228	0.648
216000.000	424800.000	209.042	0.001	1.354	255.001	1.397	38.576	0.236	0.629
223200.000	439200.000	209.535	0.001	1.349	254.071	1.392	39.488	0.236	0.675
230400.000	453600.000	203.604	0.001	1.336	254.828	1.381	40.403	0.231	0.684
237600.000	468000.000	204.581	0.001	1.341	256.042	1.388	41.307	0.232	0.673
244800.000	482400.000	206.256	0.001	1.346	255.681	1.393	42.267	0.233	0.726
252000.000	496800.000	211.991	0.001	1.369	258.514	1.415	43.175	0.238	0.670
259200.000	511200.000	207.512	0.002	1.376	262.885	1.431	44.049	0.233	0.640
266400.000	525600.000	210.983	0.001	1.383	262.529	1.436	44.893	0.235	0.609
273600.000	540000.000	216.441	0.001	1.385	259.024	1.437	45.791	0.214	0.684
280800.000	554400.000	215.966	0.001	1.370	253.621	1.416	46.593	0.204	0.598
288000.000	568800.000	214.048	0.001	1.375	256.683	1.422	47.510	0.218	0.699
295200.000	583200.000	215.120	0.001	1.377	257.385	1.426	48.436	0.215	0.712
302400.000	597600.000	216.539	0.001	1.382	258.168	1.430	49.363	0.240	0.687
309600.000	612000.000	213.634	0.002	1.382	260.197	1.433	50.349	0.239	0.747
316800.000	626400.000	209.199	0.002	1.373	261.293	1.425	51.239	0.239	0.651
324000.000	640800.000	212.316	0.001	1.379	259.332	1.430	52.161	0.242	0.680
331200.000	655200.000	215.226	0.001	1.377	255.712	1.423	52.993	0.234	0.598
338400.000	669600.000	212.640	0.001	1.380	259.749	1.430	53.856	0.237	0.626
345600.000	684000.000	214.019	0.002	1.380	257.803	1.429	54.702	0.236	0.611
352800.000	698400.000	209.629	0.001	1.361	255.156	1.410	55.583	0.230	0.651
360000.000	712800.000	213.634	0.001	1.371	256.752	1.422	56.421	0.233	0.605
367200.000	727200.000	218.318	0.001	1.396	259.993	1.449	57.317	0.232	0.664
374400.000	741600.000	217.242	0.001	1.392	259.467	1.444	58.230	0.238	0.674
381600.000	756000.000	220.446	0.002	1.417	265.606	1.470	59.093	0.234	0.630
388800.000	770400.000	220.247	0.001	1.405	262.012	1.455	59.984	0.245	0.646
396000.000	784800.000	219.913	0.001	1.383	253.475	1.426	60.841	0.233	0.625
403200.000	799200.000	223.305	0.001	1.391	252.867	1.436	61.718	0.234	0.643
410400.000	813600.000	219.074	0.001	1.374	252.300	1.417	62.618	0.229	0.671
417600.000	828000.000	224.749	0.001	1.379	248.679	1.420	63.510	0.233	0.659
424800.000	842400.000	219.608	0.001	1.365	247.628	1.405	64.326	0.225	0.590
432000.000	856800.000	223.379	0.001	1.375	247.548	1.415	65.157	0.236	0.595
439200.000	871200.000	216.809	0.001	1.350	244.552	1.389	65.973	0.227	0.589
446400.000	885600.000	214.344	0.001	1.338	242.336	1.375	66.793	0.221	0.599
453600.000	900000.000	208.311	0.001	1.313	241.129	1.349	67.555	0.217	0.546
460800.000	914400.000	223.174	0.001	1.359	242.613	1.396	68.317	0.222	0.541
468000.000	928800.000	213.928	0.001	1.334	242.585	1.370	69.117	0.226	0.574
475200.000	943200.000	214.914	0.001	1.333	241.971	1.369	69.897	0.218	0.562
482400.000	957600.000	211.787	0.001	1.322	242.488	1.357	70.709	0.218	0.594
489600.000	972000.000	216.170	0.001	1.346	244.174	1.384	71.507	0.227	0.571
496800.000	986400.000	223.414	0.001	1.354	241.183	1.390	72.299	0.226	0.567
