n_calls	num_timesteps	mean_validation_reward	mean_validation_pkt_level_reward	loss	throughput	latency	sending_rate	tot_t_used(min)	val_t_used(min)	train_t_used(min)
3600.000	0.000	-113.677	-290.716	0.012	0.098	176.383	0.114	0.977	0.057	0.921
7200.000	7200.000	-107.870	-266.661	0.012	0.114	174.720	0.127	1.902	0.066	0.858
10800.000	14400.000	-95.690	-246.431	0.013	0.192	175.022	0.205	3.324	0.097	1.326
14400.000	21600.000	142.591	-10.048	0.013	2.407	182.967	2.482	5.092	0.268	1.500
18000.000	28800.000	170.125	12.829	0.013	3.203	198.633	3.381	6.779	0.408	1.279
21600.000	36000.000	165.438	-1.225	0.016	3.322	205.514	3.589	8.195	0.459	0.956
25200.000	43200.000	172.243	7.370	0.020	3.755	213.008	4.090	10.508	0.338	1.976
28800.000	50400.000	183.366	28.248	0.017	3.779	212.632	4.048	12.115	0.383	1.224
32400.000	57600.000	205.208	58.503	0.013	3.865	210.502	4.036	13.390	0.380	0.895
36000.000	64800.000	204.060	64.211	0.015	3.967	210.021	4.116	14.354	0.386	0.578
39600.000	72000.000	208.458	68.647	0.015	4.038	213.644	4.200	15.657	0.339	0.963
43200.000	79200.000	209.728	72.994	0.015	4.139	216.966	4.297	17.503	0.424	1.423
46800.000	86400.000	205.555	67.577	0.017	4.247	224.243	4.438	19.079	0.430	1.146
50400.000	93600.000	204.807	75.243	0.017	4.228	224.027	4.409	20.924	0.425	1.420
54000.000	100800.000	200.181	64.972	0.016	4.235	229.136	4.421	22.641	0.599	1.118
57600.000	108000.000	185.401	43.164	0.022	4.330	240.205	4.547	24.317	0.462	1.215
61200.000	115200.000	184.739	49.251	0.022	4.365	241.227	4.585	25.750	0.469	0.963
64800.000	122400.000	190.843	52.833	0.021	4.311	236.438	4.508	26.813	0.368	0.696
68400.000	129600.000	201.513	70.515	0.017	4.213	224.491	4.373	28.438	0.392	1.233
72000.000	136800.000	206.881	77.442	0.015	4.104	222.089	4.261	29.949	0.397	1.114
75600.000	144000.000	214.383	88.284	0.014	4.139	217.503	4.294	31.214	0.354	0.911
79200.000	151200.000	218.454	92.610	0.013	4.209	219.512	4.356	32.503	0.398	0.891
82800.000	158400.000	216.197	85.940	0.013	4.081	217.273	4.234	33.612	0.400	0.709
86400.000	165600.000	209.754	83.707	0.015	4.162	221.587	4.316	35.405	0.348	1.446
90000.000	172800.000	215.533	88.911	0.013	4.141	219.676	4.287	36.100	0.348	0.347
93600.000	180000.000	221.371	98.318	0.012	4.040	209.092	4.176	37.446	0.416	0.930
97200.000	187200.000	218.633	96.401	0.012	4.018	212.382	4.151	38.939	0.538	0.955
100800.000	194400.000	221.078	100.428	0.012	3.956	210.688	4.086	41.088	0.488	1.661
104400.000	201600.000	232.680	118.466	0.010	3.845	195.949	3.952	42.264	0.286	0.890
108000.000	208800.000	229.940	114.658	0.010	3.696	193.625	3.799	44.400	0.382	1.753
111600.000	216000.000	221.841	106.592	0.012	3.616	191.204	3.714	45.504	0.373	0.732
115200.000	223200.000	213.496	101.197	0.011	3.468	188.819	3.565	46.430	0.349	0.577
118800.000	230400.000	227.212	114.005	0.011	3.692	191.339	3.792	47.369	0.290	0.649
122400.000	237600.000	207.446	94.792	0.010	3.181	186.318	3.265	47.928	0.348	0.210
126000.000	244800.000	215.586	99.006	0.012	3.441	187.499	3.536	49.300	0.389	0.983
129600.000	252000.000	228.995	115.372	0.011	3.697	189.629	3.795	51.483	0.394	1.789
133200.000	259200.000	227.195	114.391	0.010	3.662	190.502	3.766	52.391	0.305	0.603
136800.000	266400.000	223.860	109.815	0.011	3.662	189.459	3.761	53.559	0.379	0.789
140400.000	273600.000	230.466	117.967	0.012	3.886	195.760	4.002	54.426	0.535	0.332
144000.000	280800.000	234.492	120.257	0.011	4.003	197.463	4.126	56.422	0.498	1.498
147600.000	288000.000	237.990	123.230	0.010	4.054	198.425	4.175	58.001	0.410	1.169
151200.000	295200.000	229.265	114.435	0.012	4.045	203.267	4.175	59.213	0.323	0.889
154800.000	302400.000	237.801	124.753	0.011	4.172	202.779	4.300	59.999	0.331	0.455
158400.000	309600.000	239.622	128.128	0.011	4.192	200.150	4.320	60.988	0.319	0.669
162000.000	316800.000	236.387	126.327	0.011	4.154	199.631	4.276	62.263	0.334	0.941
165600.000	324000.000	235.043	121.290	0.011	4.109	199.517	4.235	63.448	0.306	0.879
169200.000	331200.000	240.069	126.484	0.010	4.068	197.220	4.187	64.452	0.322	0.682
172800.000	338400.000	238.959	129.211	0.012	4.150	198.173	4.273	66.058	0.412	1.194
176400.000	345600.000	235.674	121.248	0.011	4.128	200.690	4.258	68.001	0.372	1.571
180000.000	352800.000	237.589	123.324	0.012	4.137	201.598	4.271	69.425	0.382	1.042
183600.000	360000.000	230.167	120.384	0.011	3.923	196.170	4.034	70.866	0.361	1.080
187200.000	367200.000	231.370	120.154	0.011	3.912	194.045	4.018	72.730	0.320	1.543
190800.000	374400.000	230.658	122.551	0.011	3.862	192.557	3.965	73.876	0.399	0.746
194400.000	381600.000	237.230	128.042	0.012	4.055	193.904	4.172	75.659	0.350	1.432
198000.000	388800.000	231.142	122.744	0.010	3.883	191.115	3.991	76.577	0.352	0.566
201600.000	396000.000	235.090	126.059	0.010	3.938	192.054	4.046	77.744	0.300	0.866
205200.000	403200.000	234.160	122.578	0.011	3.940	193.224	4.053	78.367	0.361	0.261
208800.000	410400.000	241.312	130.488	0.011	4.071	194.308	4.195	79.536	0.359	0.810
212400.000	417600.000	239.844	128.957	0.010	4.064	195.737	4.184	80.573	0.359	0.679
216000.000	424800.000	234.938	123.773	0.012	4.108	194.835	4.227	81.524	0.366	0.584
219600.000	432000.000	233.600	124.370	0.011	4.024	196.447	4.151	82.439	0.334	0.581
223200.000	439200.000	239.064	128.072	0.011	4.067	195.794	4.185	84.065	0.371	1.255
226800.000	446400.000	237.305	126.466	0.011	4.087	198.527	4.216	86.208	0.346	1.796
230400.000	453600.000	234.466	123.329	0.012	4.051	195.620	4.178	87.185	0.287	0.691
234000.000	460800.000	235.912	123.823	0.013	4.156	199.702	4.287	87.988	0.343	0.460
237600.000	468000.000	232.295	114.670	0.013	4.207	205.310	4.363	89.172	0.361	0.823
241200.000	475200.000	237.370	122.880	0.013	4.265	204.453	4.409	90.489	0.333	0.984
244800.000	482400.000	241.103	127.991	0.011	4.251	203.405	4.392	91.687	0.364	0.834
248400.000	489600.000	239.556	121.881	0.011	4.334	208.436	4.495	92.659	0.395	0.577
252000.000	496800.000	244.086	128.822	0.011	4.351	206.508	4.501	94.580	0.452	1.469
255600.000	504000.000	237.950	122.452	0.012	4.362	209.794	4.525	95.607	0.394	0.633
259200.000	511200.000	230.275	108.005	0.015	4.366	213.716	4.533	97.059	0.339	1.112
262800.000	518400.000	235.481	114.186	0.013	4.394	214.649	4.561	97.783	0.379	0.346
266400.000	525600.000	229.773	111.961	0.012	4.344	219.228	4.510	99.213	0.369	1.061
270000.000	532800.000	234.697	120.421	0.014	4.419	210.478	4.568	100.482	0.367	0.902
273600.000	540000.000	232.630	112.906	0.013	4.371	215.454	4.545	101.437	0.299	0.656
277200.000	547200.000	229.009	112.762	0.013	4.268	212.251	4.430	102.576	0.367	0.772
280800.000	554400.000	222.050	101.206	0.016	4.360	218.664	4.535	104.827	0.382	1.869
284400.000	561600.000	227.042	108.025	0.014	4.394	219.029	4.582	105.756	0.332	0.597
288000.000	568800.000	230.445	107.124	0.014	4.360	215.215	4.541	106.644	0.365	0.524
291600.000	576000.000	237.868	122.264	0.012	4.401	209.558	4.572	107.707	0.381	0.682
295200.000	583200.000	233.616	115.015	0.012	4.378	214.763	4.546	109.033	0.384	0.942
298800.000	590400.000	228.800	107.029	0.013	4.364	216.651	4.549	109.913	0.354	0.526
302400.000	597600.000	230.954	109.919	0.015	4.426	216.805	4.596	111.190	0.431	0.846
306000.000	604800.000	230.109	109.067	0.013	4.462	219.162	4.654	112.721	0.454	1.076
309600.000	612000.000	230.657	110.891	0.014	4.439	221.272	4.633	114.921	0.375	1.825
313200.000	619200.000	238.974	120.190	0.012	4.451	213.819	4.634	115.765	0.268	0.576
316800.000	626400.000	238.229	123.911	0.012	4.307	210.094	4.475	116.177	0.267	0.145
320400.000	633600.000	229.184	113.996	0.012	4.156	209.750	4.305	116.875	0.255	0.443
324000.000	640800.000	238.041	121.123	0.011	4.313	210.405	4.474	117.708	0.269	0.564
327600.000	648000.000	236.277	120.346	0.012	4.327	213.868	4.503	118.678	0.265	0.705
331200.000	655200.000	230.422	114.864	0.012	4.321	215.642	4.480	119.418	0.264	0.475
334800.000	662400.000	233.522	124.320	0.011	4.224	211.226	4.362	120.515	0.265	0.832
338400.000	669600.000	229.375	114.848	0.011	4.193	211.784	4.344	121.698	0.259	0.924
342000.000	676800.000	232.133	117.077	0.011	4.088	206.595	4.223	122.679	0.268	0.714
345600.000	684000.000	229.267	116.880	0.012	4.017	205.677	4.148	123.785	0.271	0.835
349200.000	691200.000	233.237	121.810	0.011	4.110	206.900	4.243	125.240	0.304	1.151
352800.000	698400.000	235.936	120.953	0.011	4.162	208.822	4.311	125.997	0.327	0.430
356400.000	705600.000	232.675	118.575	0.013	4.231	210.427	4.384	126.715	0.285	0.432
360000.000	712800.000	234.570	121.289	0.011	4.150	208.643	4.285	127.267	0.274	0.278
363600.000	720000.000	235.651	126.064	0.011	4.243	212.031	4.382	128.052	0.263	0.522
