n_calls	num_timesteps	mean_validation_reward	mean_validation_pkt_level_reward	loss	throughput	latency	sending_rate	tot_t_used(min)	val_t_used(min)	train_t_used(min)
3600.000	0.000	-564.429	-854.793	0.287	3.463	335.401	6.027	2.178	0.325	1.853
7200.000	7200.000	-166.871	-356.044	0.032	0.143	191.465	0.175	2.903	0.059	0.665
10800.000	14400.000	-147.620	-290.083	0.019	0.107	184.804	0.124	3.100	0.053	0.145
14400.000	21600.000	-137.648	-261.729	0.014	0.103	182.793	0.115	3.350	0.054	0.196
18000.000	28800.000	-134.374	-245.996	0.014	0.127	181.872	0.137	3.541	0.055	0.136
21600.000	36000.000	-139.206	-241.439	0.015	0.117	181.616	0.127	3.774	0.054	0.179
25200.000	43200.000	-130.090	-224.134	0.012	0.136	181.362	0.145	4.031	0.058	0.199
28800.000	50400.000	10.442	-71.229	0.013	1.818	182.103	1.832	4.456	0.190	0.235
32400.000	57600.000	17.444	-66.266	0.013	1.857	181.944	1.871	4.823	0.188	0.178
36000.000	64800.000	151.793	60.652	0.012	4.190	188.337	4.297	5.313	0.269	0.221
39600.000	72000.000	167.846	72.246	0.013	4.664	194.658	4.809	5.913	0.286	0.314
43200.000	79200.000	181.278	87.719	0.014	4.933	198.732	5.104	6.460	0.301	0.246
46800.000	86400.000	180.346	85.435	0.012	4.817	198.471	4.965	7.002	0.300	0.242
50400.000	93600.000	184.426	87.668	0.012	5.007	203.056	5.191	7.603	0.308	0.293
54000.000	100800.000	175.650	83.694	0.012	4.895	199.628	5.053	8.129	0.299	0.226
57600.000	108000.000	174.834	83.345	0.014	4.908	198.593	5.061	8.761	0.293	0.339
61200.000	115200.000	178.756	83.843	0.013	4.908	198.967	5.064	9.302	0.299	0.241
64800.000	122400.000	169.536	75.460	0.012	4.768	199.138	4.897	9.826	0.298	0.226
68400.000	129600.000	165.254	73.940	0.014	4.806	197.011	4.905	10.312	0.292	0.194
72000.000	136800.000	173.143	75.115	0.013	4.802	202.644	4.965	10.813	0.290	0.211
75600.000	144000.000	175.847	81.350	0.013	4.883	203.366	5.059	11.374	0.283	0.279
79200.000	151200.000	166.034	68.998	0.014	4.821	201.586	4.992	11.961	0.290	0.297
82800.000	158400.000	165.462	70.138	0.014	4.781	205.850	4.962	12.551	0.283	0.306
86400.000	165600.000	166.887	70.157	0.017	4.868	212.163	5.090	13.045	0.293	0.201
90000.000	172800.000	169.077	71.611	0.014	4.989	208.359	5.195	13.706	0.301	0.360
93600.000	180000.000	179.801	90.630	0.014	5.081	204.945	5.238	14.209	0.298	0.204
97200.000	187200.000	177.944	86.126	0.014	5.042	205.983	5.215	14.834	0.304	0.321
100800.000	194400.000	186.520	99.374	0.013	5.165	205.876	5.340	15.380	0.313	0.234
104400.000	201600.000	184.820	92.333	0.014	5.216	207.477	5.412	16.275	0.302	0.593
108000.000	208800.000	185.924	94.021	0.013	5.221	211.920	5.425	16.782	0.300	0.207
111600.000	216000.000	187.780	95.476	0.013	5.191	209.449	5.403	17.309	0.294	0.233
115200.000	223200.000	185.275	90.980	0.015	5.314	215.390	5.530	18.089	0.314	0.466
118800.000	230400.000	186.103	93.656	0.016	5.337	217.218	5.546	18.635	0.308	0.239
122400.000	237600.000	194.384	102.389	0.014	5.423	214.794	5.625	19.181	0.315	0.231
126000.000	244800.000	188.576	96.261	0.015	5.339	217.168	5.536	19.830	0.316	0.333
129600.000	252000.000	186.668	92.800	0.015	5.340	212.919	5.542	20.561	0.321	0.411
133200.000	259200.000	192.847	98.708	0.014	5.330	213.876	5.539	21.105	0.312	0.232
136800.000	266400.000	189.591	92.098	0.017	5.389	212.733	5.602	21.723	0.310	0.308
140400.000	273600.000	193.556	96.815	0.014	5.327	213.677	5.533	22.362	0.320	0.320
144000.000	280800.000	184.323	90.848	0.017	5.256	217.680	5.469	23.072	0.314	0.396
147600.000	288000.000	183.583	91.109	0.017	5.396	221.931	5.608	23.931	0.306	0.553
151200.000	295200.000	190.444	97.898	0.016	5.374	220.242	5.600	24.441	0.307	0.203
154800.000	302400.000	197.195	105.916	0.013	5.395	218.491	5.614	25.157	0.317	0.399
158400.000	309600.000	191.655	98.148	0.015	5.352	219.270	5.579	25.834	0.315	0.362
162000.000	316800.000	184.218	91.365	0.016	5.339	220.263	5.563	26.348	0.318	0.195
165600.000	324000.000	191.243	101.749	0.015	5.338	217.137	5.545	26.970	0.311	0.312
169200.000	331200.000	191.004	96.743	0.015	5.405	217.838	5.610	27.761	0.315	0.476
172800.000	338400.000	196.294	102.439	0.015	5.528	215.046	5.721	28.384	0.324	0.299
176400.000	345600.000	195.403	102.759	0.015	5.458	217.319	5.652	28.868	0.316	0.168
180000.000	352800.000	195.547	104.046	0.015	5.368	215.161	5.543	29.404	0.321	0.215
183600.000	360000.000	197.328	103.978	0.015	5.507	217.497	5.704	30.176	0.326	0.446
187200.000	367200.000	193.595	97.964	0.014	5.400	215.361	5.587	30.884	0.317	0.391
190800.000	374400.000	187.068	96.204	0.016	5.403	213.931	5.583	31.608	0.321	0.402
194400.000	381600.000	198.907	107.202	0.014	5.421	212.124	5.600	32.137	0.313	0.217
198000.000	388800.000	196.440	103.959	0.014	5.440	211.873	5.618	32.827	0.319	0.371
201600.000	396000.000	197.673	104.601	0.013	5.466	214.380	5.653	33.421	0.315	0.278
205200.000	403200.000	201.351	109.399	0.013	5.465	213.654	5.652	34.060	0.320	0.319
208800.000	410400.000	202.390	110.408	0.013	5.474	217.166	5.665	34.848	0.319	0.469
212400.000	417600.000	197.607	105.258	0.017	5.555	216.356	5.741	35.425	0.313	0.264
216000.000	424800.000	196.650	105.771	0.015	5.561	220.757	5.763	35.969	0.320	0.224
219600.000	432000.000	195.521	103.266	0.015	5.518	221.944	5.738	36.468	0.326	0.172
223200.000	439200.000	194.990	102.669	0.015	5.465	219.939	5.671	36.988	0.327	0.193
226800.000	446400.000	196.642	105.513	0.014	5.444	217.180	5.636	37.698	0.311	0.399
230400.000	453600.000	193.993	103.317	0.014	5.413	219.000	5.607	38.290	0.318	0.274
234000.000	460800.000	196.622	110.056	0.014	5.418	217.030	5.611	38.792	0.315	0.188
237600.000	468000.000	188.872	100.254	0.015	5.322	211.628	5.502	39.349	0.305	0.251
241200.000	475200.000	196.465	104.772	0.014	5.348	212.213	5.526	39.855	0.324	0.183
244800.000	482400.000	190.107	101.463	0.017	5.332	209.883	5.511	40.380	0.310	0.214
248400.000	489600.000	195.151	108.117	0.014	5.326	209.920	5.502	41.029	0.315	0.334
252000.000	496800.000	197.258	109.959	0.013	5.229	207.183	5.398	41.523	0.314	0.180
255600.000	504000.000	192.279	102.508	0.015	5.236	203.913	5.401	42.114	0.319	0.271
259200.000	511200.000	197.324	109.457	0.013	5.201	204.425	5.359	42.667	0.320	0.233
262800.000	518400.000	200.428	115.477	0.013	5.284	203.946	5.450	43.302	0.314	0.321
266400.000	525600.000	192.309	100.340	0.014	5.204	205.959	5.370	43.820	0.313	0.206
270000.000	532800.000	192.590	103.023	0.013	5.218	206.545	5.381	44.348	0.310	0.218
273600.000	540000.000	197.418	108.858	0.014	5.314	208.285	5.485	44.936	0.320	0.269
277200.000	547200.000	193.773	105.354	0.014	5.240	206.999	5.416	45.500	0.305	0.259
280800.000	554400.000	195.679	105.206	0.012	5.234	206.598	5.400	46.064	0.315	0.248
284400.000	561600.000	189.019	98.001	0.015	5.156	205.036	5.323	46.682	0.303	0.316
288000.000	568800.000	192.415	103.198	0.015	5.228	205.371	5.394	47.367	0.313	0.371
291600.000	576000.000	202.404	114.905	0.013	5.316	206.242	5.480	48.001	0.318	0.316
295200.000	583200.000	197.240	108.420	0.014	5.262	207.359	5.434	48.593	0.317	0.275
298800.000	590400.000	201.978	114.453	0.013	5.312	207.387	5.480	49.142	0.317	0.233
302400.000	597600.000	200.495	113.166	0.013	5.282	207.459	5.451	49.691	0.318	0.231
306000.000	604800.000	200.574	112.879	0.014	5.382	211.884	5.570	50.348	0.308	0.349
309600.000	612000.000	200.332	113.979	0.014	5.427	213.606	5.612	50.995	0.324	0.323
313200.000	619200.000	206.585	119.971	0.013	5.494	215.042	5.671	51.522	0.320	0.208
316800.000	626400.000	201.694	114.225	0.015	5.460	215.747	5.649	52.174	0.311	0.341
320400.000	633600.000	203.464	114.966	0.014	5.498	216.018	5.676	52.779	0.318	0.288
324000.000	640800.000	199.820	113.785	0.014	5.426	213.695	5.598	53.302	0.314	0.208
327600.000	648000.000	202.861	114.853	0.015	5.533	217.478	5.712	53.803	0.324	0.177
331200.000	655200.000	202.623	114.400	0.016	5.554	218.486	5.731	54.750	0.325	0.622
334800.000	662400.000	202.405	114.720	0.014	5.526	217.419	5.709	55.367	0.345	0.272
338400.000	669600.000	211.083	123.636	0.013	5.571	217.278	5.741	55.978	0.336	0.274
342000.000	676800.000	208.686	121.870	0.013	5.550	216.406	5.725	56.730	0.318	0.434
345600.000	684000.000	207.426	119.354	0.014	5.590	217.270	5.772	57.181	0.335	0.116
349200.000	691200.000	205.843	117.413	0.015	5.617	219.050	5.795	58.034	0.486	0.366
352800.000	698400.000	205.724	115.255	0.013	5.530	218.205	5.710	59.498	0.503	0.961
356400.000	705600.000	206.033	118.726	0.015	5.611	218.184	5.781	60.479	0.519	0.461
360000.000	712800.000	206.082	118.223	0.015	5.658	220.986	5.839	61.716	0.505	0.733
363600.000	720000.000	207.907	118.598	0.014	5.618	219.932	5.796	62.448	0.485	0.247
